xh=[-1,-0.99,-0.98,-0.97,-0.96,-0.95,-0.94,-0.93,-0.92,-0.91,-0.9,-0.89,-0.88,-0.87,-0.86,-0.85,-0.84,-0.83,-0.82,-0.81,-0.8,-0.79,-0.78,-0.77,-0.76,-0.75,-0.74,-0.73,-0.72,-0.71,-0.7,-0.69,-0.68,-0.67,-0.66,-0.65,-0.64,-0.63,-0.62,-0.61,-0.6,-0.59,-0.58,-0.57,-0.56,-0.55,-0.54,-0.53,-0.52,-0.51,-0.5,-0.49,-0.48,-0.47,-0.46,-0.45,-0.44,-0.43,-0.42,-0.41,-0.4,-0.39,-0.38,-0.37,-0.36,-0.35,-0.34,-0.33,-0.32,-0.31,-0.3,-0.29,-0.28,-0.27,-0.26,-0.25,-0.24,-0.23,-0.22,-0.21,-0.2,-0.19,-0.18,-0.17,-0.16,-0.15,-0.14,-0.13,-0.12,-0.11,-0.1,-0.09,-0.08,-0.07,-0.06,-0.05,-0.04,-0.03,-0.02,-0.01,7.5287e-016,0.01,0.02,0.03,0.04,0.05,0.06,0.07,0.08,0.09,0.1,0.11,0.12,0.13,0.14,0.15,0.16,0.17,0.18,0.19,0.2,0.21,0.22,0.23,0.24,0.25,0.26,0.27,0.28,0.29,0.3,0.31,0.32,0.33,0.34,0.35,0.36,0.37,0.38,0.39,0.4,0.41,0.42,0.43,0.44,0.45,0.46,0.47,0.48,0.49,0.5,0.51,0.52,0.53,0.54,0.55,0.56,0.57,0.58,0.59,0.6,0.61,0.62,0.63,0.64,0.65,0.66,0.67,0.68,0.69,0.7,0.71,0.72,0.73,0.74,0.75,0.76,0.77,0.78,0.79,0.8,0.81,0.82,0.83,0.84,0.85,0.86,0.87,0.88,0.89,0.9,0.91,0.92,0.93,0.94,0.95,0.96,0.97,0.98,0.99,1];
yy=[-1,-0.970299,-0.941192,-0.912673,-0.884736,-0.857375,-0.830584,-0.804357,-0.778688,-0.753571,-0.729,-0.704969,-0.681472,-0.658503,-0.636056,-0.614125,-0.592704,-0.571787,-0.551368,-0.531441,-0.512,-0.493039,-0.474552,-0.456533,-0.438976,-0.421875,-0.405224,-0.389017,-0.373248,-0.357911,-0.343,-0.328509,-0.314432,-0.300763,-0.287496,-0.274625,-0.262144,-0.250047,-0.238328,-0.226981,-0.216,-0.205379,-0.195112,-0.185193,-0.175616,-0.166375,-0.157464,-0.148877,-0.140608,-0.132651,-0.125,-0.117649,-0.110592,-0.103823,-0.097336,-0.091125,-0.085184,-0.079507,-0.074088,-0.068921,-0.064,-0.059319,-0.054872,-0.050653,-0.046656,-0.042875,-0.039304,-0.035937,-0.032768,-0.029791,-0.027,-0.024389,-0.021952,-0.019683,-0.017576,-0.015625,-0.013824,-0.012167,-0.010648,-0.009261,-0.008,-0.006859,-0.005832,-0.004913,-0.004096,-0.003375,-0.002744,-0.002197,-0.001728,-0.001331,-0.001,-0.000729,-0.000512,-0.000343,-0.000216,-0.000125,-6.4e-005,-2.7e-005,-8e-006,-1e-006,0,1e-006,8e-006,2.7e-005,6.4e-005,0.000125,0.000216,0.000343,0.000512,0.000729,0.001,0.001331,0.001728,0.002197,0.002744,0.003375,0.004096,0.004913,0.005832,0.006859,0.008,0.009261,0.010648,0.012167,0.013824,0.015625,0.017576,0.019683,0.021952,0.024389,0.027,0.029791,0.032768,0.035937,0.039304,0.042875,0.046656,0.050653,0.054872,0.059319,0.064,0.068921,0.074088,0.079507,0.085184,0.091125,0.097336,0.103823,0.110592,0.117649,0.125,0.132651,0.140608,0.148877,0.157464,0.166375,0.175616,0.185193,0.195112,0.205379,0.216,0.226981,0.238328,0.250047,0.262144,0.274625,0.287496,0.300763,0.314432,0.328509,0.343,0.357911,0.373248,0.389017,0.405224,0.421875,0.438976,0.456533,0.474552,0.493039,0.512,0.531441,0.551368,0.571787,0.592704,0.614125,0.636056,0.658503,0.681472,0.704969,0.729,0.753571,0.778688,0.804357,0.830584,0.857375,0.884736,0.912673,0.941192,0.970299,1];
plot(xh,yy,'r');
yd=xh^3;ydd=abs(yy-yd);x=-1:0.01:1;y=x^3;plot(x,y,'b');
xgrid();
xtitle('spline','X', 'Y');
